H=[ 0.0076386  -0.0222584 -0.00104147  -0.0049543  0.00800759   0.0235375   0.0230743   0.0231075  -0.0305391   0.0192124 -0.00912063  -0.0134471  -0.0148446  -0.0163346  -0.0281766  -0.0292948  -0.0269721   0.0159745   0.0237873   0.0110052
 -0.0222584   0.0648594  0.00303476   0.0144365  -0.0233336  -0.0685868   -0.067237  -0.0673337   0.0889888  -0.0559837   0.0265769   0.0391838   0.0432561   0.0475978   0.0821047    0.085363   0.0785948  -0.0465485  -0.0693145  -0.0320684
-0.00104147  0.00303476 0.000141996 0.000675482 -0.00109178 -0.00320917 -0.00314601 -0.00315054  0.00416378 -0.00261947  0.00124353  0.00183341  0.00202395  0.00222709  0.00384167  0.00399412  0.00367744   -0.002178 -0.00324322 -0.00150048
 -0.0049543   0.0144365 0.000675482   0.0032133 -0.00519362  -0.0152662  -0.0149657  -0.0149872   0.0198073  -0.0124609  0.00591553  0.00872159  0.00962801   0.0105944    0.018275   0.0190002   0.0174938  -0.0103608  -0.0154281 -0.00713784
 0.00800759  -0.0233336 -0.00109178 -0.00519362  0.00839439   0.0246745   0.0241889   0.0242237  -0.0320143   0.0201405 -0.00956121  -0.0140966  -0.0155616  -0.0171236  -0.0295377  -0.0307099   -0.028275   0.0167461   0.0249363   0.0115368
  0.0235375  -0.0685868 -0.00320917  -0.0152662   0.0246745   0.0725284   0.0711011   0.0712034  -0.0941029   0.0592011  -0.0281043  -0.0414357   -0.045742  -0.0503332  -0.0868232  -0.0902687  -0.0831116   0.0492236    0.073298   0.0339114
  0.0230743   -0.067237 -0.00314601  -0.0149657   0.0241889   0.0711011   0.0697017   0.0698021  -0.0922509    0.058036  -0.0275512  -0.0406202  -0.0448418  -0.0493426  -0.0851144  -0.0884922  -0.0814759   0.0482549   0.0718555    0.033244
  0.0231075  -0.0673337 -0.00315054  -0.0149872   0.0242237   0.0712034   0.0698021   0.0699025  -0.0923837   0.0581195  -0.0275908  -0.0406787  -0.0449063  -0.0494136  -0.0852369  -0.0886195  -0.0815932   0.0483243   0.0719589   0.0332919
 -0.0305391   0.0889888  0.00416378   0.0198073  -0.0320143  -0.0941029  -0.0922509  -0.0923837    0.122095  -0.0768112   0.0364642   0.0537612   0.0593485   0.0653054     0.11265     0.11712    0.107834  -0.0638658  -0.0951014  -0.0439987
  0.0192124  -0.0559837 -0.00261947  -0.0124609   0.0201405   0.0592011    0.058036   0.0581195  -0.0768112   0.0483227    -0.02294  -0.0338217  -0.0373367  -0.0410843  -0.0708691  -0.0736815  -0.0678396   0.0401786   0.0598293   0.0276801
-0.00912063   0.0265769  0.00124353  0.00591553 -0.00956121  -0.0281043  -0.0275512  -0.0275908   0.0364642    -0.02294   0.0108902    0.016056   0.0177247   0.0195038   0.0336434   0.0349785   0.0322052  -0.0190738  -0.0284025  -0.0131404
 -0.0134471   0.0391838  0.00183341  0.00872159  -0.0140966  -0.0414357  -0.0406202  -0.0406787   0.0537612  -0.0338217    0.016056   0.0236723   0.0261325   0.0287555   0.0496023   0.0515707   0.0474819  -0.0281216  -0.0418753  -0.0193737
 -0.0148446   0.0432561  0.00202395  0.00962801  -0.0155616   -0.045742  -0.0448418  -0.0449063   0.0593485  -0.0373367   0.0177247   0.0261325   0.0288484    0.031744   0.0547573   0.0569304   0.0524166  -0.0310442  -0.0462273  -0.0213871
 -0.0163346   0.0475978  0.00222709   0.0105944  -0.0171236  -0.0503332  -0.0493426  -0.0494136   0.0653054  -0.0410843   0.0195038   0.0287555    0.031744   0.0349302   0.0602534   0.0626445   0.0576777  -0.0341601  -0.0508672  -0.0235338
 -0.0281766   0.0821047  0.00384167    0.018275  -0.0295377  -0.0868232  -0.0851144  -0.0852369     0.11265  -0.0708691   0.0336434   0.0496023   0.0547573   0.0602534    0.103935     0.10806   0.0994922  -0.0589251  -0.0877444   -0.040595
 -0.0292948    0.085363  0.00399412   0.0190002  -0.0307099  -0.0902687  -0.0884922  -0.0886195     0.11712  -0.0736815   0.0349785   0.0515707   0.0569304   0.0626445     0.10806    0.112348     0.10344  -0.0612636  -0.0912265   -0.042206
 -0.0269721   0.0785948  0.00367744   0.0174938   -0.028275  -0.0831116  -0.0814759  -0.0815932    0.107834  -0.0678396   0.0322052   0.0474819   0.0524166   0.0576777   0.0994922     0.10344   0.0952391  -0.0564062  -0.0839935  -0.0388597
  0.0159745  -0.0465485   -0.002178  -0.0103608   0.0167461   0.0492236   0.0482549   0.0483243  -0.0638658   0.0401786  -0.0190738  -0.0281216  -0.0310442  -0.0341601  -0.0589251  -0.0612636  -0.0564062   0.0334071   0.0497459    0.023015
  0.0237873  -0.0693145 -0.00324322  -0.0154281   0.0249363    0.073298   0.0718555   0.0719589  -0.0951014   0.0598293  -0.0284025  -0.0418753  -0.0462273  -0.0508672  -0.0877444  -0.0912265  -0.0839935   0.0497459   0.0740757   0.0342712
  0.0110052  -0.0320684 -0.00150048 -0.00713784   0.0115368   0.0339114    0.033244   0.0332919  -0.0439987   0.0276801  -0.0131404  -0.0193737  -0.0213871  -0.0235338   -0.040595   -0.042206  -0.0388597    0.023015   0.0342712   0.0158556];
zp=[0.86728789
  -0.92860354
  -1.17312107
   0.38427279
  -0.02371729
   0.55383254
  -0.27707380
   0.08144639
  -2.16462967
 1.44442738
-0.08419841 
-0.09828762
 -1.19626898
 -1.43580886
-1.90276943
 -1.39673781
-1.33552293
 0.55152309
  1.09251514
  0.15876542];
Q=eye(20,20)-H;

Psi_=[0 0 0 0 0 0 0 0 0 0 0 0.0185185 0 0 0 0 0 0 0 0 0.037037 0.0740741 0.0185185 0 0 0 0 0 0 0 0.0555556 0.0925926 0.0555556 0.0185185 0 0 0 0 0 0 0.0555556 0.111111 0.0925926 0.0185185 0 0 0 0 0 0 0.0555556 0.12963 0.0555556 0 0 0 0 0 0 0 0.037037 0.037037 0.037037 0 0 0 0 0 0 0 0 0 0 0 0 0 0 0 0 0 0 0 0 0 0 0 0 0 0 0 0 0 0 0 0 0 0 0 0 0 
0 0 0 0 0.0222222 0 0 0 0 0 0 0 0.0444444 0.0888889 0.0888889 0 0 0 0 0 0 0.0222222 0.133333 0.111111 0.111111 0.0222222 0 0 0 0 0 0.0222222 0.0444444 0.133333 0.0666667 0.0222222 0 0 0 0 0 0 0.0222222 0.0444444 0 0 0 0 0 0 0 0 0 0 0 0 0 0 0 0 0 0 0 0 0 0 0 0 0 0 0 0 0 0 0 0 0 0 0 0 0 0 0 0 0 0 0 0 0 0 0 0 0 0 0 0 0 0 0 0 
0 0 0 0 0 0 0 0 0.025641 0.025641 0 0 0 0 0 0 0 0.0769231 0.128205 0.0769231 0 0 0 0 0 0 0.025641 0.153846 0.128205 0.0512821 0 0 0 0 0 0 0.025641 0.102564 0.102564 0 0 0 0 0 0 0 0.025641 0.0512821 0 0 0 0 0 0 0 0 0 0 0 0 0 0 0 0 0 0 0 0 0 0 0 0 0 0 0 0 0 0 0 0 0 0 0 0 0 0 0 0 0 0 0 0 0 0 0 0 0 0 0 0 
0 0 0 0 0 0 0 0 0 0 0 0 0 0 0 0 0 0 0 0 0 0 0 0 0 0 0 0 0 0 0 0 0 0 0 0 0 0 0.030303 0 0 0 0 0 0 0 0 0.0909091 0.121212 0.0606061 0 0 0 0 0 0 0.0606061 0.151515 0.181818 0.0909091 0 0 0 0 0 0 0 0.0909091 0.0909091 0.030303 0 0 0 0 0 0 0 0 0 0 0 0 0 0 0 0 0 0 0 0 0 0 0 0 0 0 0 0 0 0 
0.030303 0.121212 0.0606061 0.0909091 0.0909091 0.030303 0 0 0 0 0.0909091 0.121212 0.151515 0.0606061 0.030303 0.0606061 0 0 0 0 0.030303 0.030303 0 0 0 0 0 0 0 0 0 0 0 0 0 0 0 0 0 0 0 0 0 0 0 0 0 0 0 0 0 0 0 0 0 0 0 0 0 0 0 0 0 0 0 0 0 0 0 0 0 0 0 0 0 0 0 0 0 0 0 0 0 0 0 0 0 0 0 0 0 0 0 0 0 0 0 0 0 0 
0 0 0 0 0 0 0 0 0 0 0 0 0 0 0 0 0 0 0 0 0 0 0 0 0 0 0 0 0 0 0 0 0 0 0 0 0 0 0 0 0 0 0 0 0 0 0 0 0 0 0 0 0 0 0 0 0 0 0 0 0.0833333 0.0833333 0 0 0 0 0 0 0 0 0.0833333 0 0 0 0 0 0 0 0 0 0.0833333 0.25 0.0833333 0 0 0 0 0 0 0 0.166667 0.166667 0 0 0 0 0 0 0 0 
0 0 0 0 0 0 0 0 0 0 0 0 0 0 0 0 0 0 0 0 0 0 0 0 0 0 0 0 0 0 0 0 0 0 0 0 0 0 0 0 0 0 0 0 0 0 0 0 0 0 0 0 0 0 0 0 0 0 0 0 0 0 0 0 0 0 0 0 0 0 0 0 0 0 0 0 0.0555556 0.0555556 0 0 0 0 0 0 0.0555556 0.166667 0.277778 0.111111 0 0 0 0 0 0 0 0.166667 0.111111 0 0 0 
0 0 0 0 0 0 0 0 0 0 0 0 0 0 0 0 0 0 0 0 0 0 0 0 0 0 0 0 0 0 0 0 0 0 0 0 0 0 0 0 0 0 0 0 0 0 0 0 0 0 0 0 0 0 0 0 0.0666667 0 0 0 0 0 0 0 0 0.0666667 0.166667 0.133333 0.0333333 0 0 0 0 0 0.0333333 0.133333 0.166667 0.1 0 0 0 0 0 0 0 0.0666667 0.0333333 0 0 0 0 0 0 0 0 0 0 0 0 0 
0 0 0 0 0 0 0 0 0 0 0 0 0 0 0 0 0 0 0 0 0 0 0 0 0 0 0 0 0 0.111111 0 0 0 0 0 0 0 0 0.222222 0.333333 0 0 0 0 0 0 0 0 0.222222 0.111111 0 0 0 0 0 0 0 0 0 0 0 0 0 0 0 0 0 0 0 0 0 0 0 0 0 0 0 0 0 0 0 0 0 0 0 0 0 0 0 0 0 0 0 0 0 0 0 0 0 0 
0 0 0 0 0 0 0 0 0 0 0 0 0 0 0 0 0 0 0 0 0 0 0 0 0 0 0 0 0 0 0 0 0 0 0.111111 0.0740741 0.0740741 0 0 0 0 0 0 0.037037 0.0740741 0.185185 0.148148 0.037037 0 0 0 0 0 0 0 0.111111 0.111111 0 0 0 0 0 0 0 0 0.037037 0 0 0 0 0 0 0 0 0 0 0 0 0 0 0 0 0 0 0 0 0 0 0 0 0 0 0 0 0 0 0 0 0 0 
0 0 0 0 0 0 0 0 0 0 0 0 0 0 0 0 0 0 0 0 0 0 0 0 0 0 0 0 0 0 0 0 0 0 0 0 0 0 0 0 0 0 0 0 0 0 0 0 0 0 0 0 0 0 0 0 0 0 0 0 0 0 0 0 0 0 0 0 0.111111 0.111111 0 0 0 0 0 0 0 0.111111 0.277778 0.111111 0 0 0 0 0 0 0 0 0.166667 0 0 0 0 0 0 0 0 0.0555556 0.0555556 0 
0 0 0 0 0 0 0 0 0 0 0 0 0 0 0 0 0 0 0 0 0 0 0 0 0 0 0 0 0 0 0 0 0 0 0 0 0 0 0 0 0 0 0 0.0606061 0.0909091 0.0606061 0 0 0 0 0 0 0.0606061 0.151515 0.181818 0.0606061 0 0 0 0 0 0 0.030303 0.030303 0.0909091 0.0909091 0 0 0 0 0 0 0 0 0.030303 0.0606061 0 0 0 0 0 0 0 0 0 0 0 0 0 0 0 0 0 0 0 0 0 0 0 0 
0 0 0 0 0 0 0 0 0 0 0 0 0 0 0 0 0 0 0 0 0 0 0 0 0 0 0 0 0 0 0 0 0 0 0 0 0 0 0 0 0 0 0 0 0 0 0 0 0 0 0 0 0 0 0 0 0 0 0 0 0 0 0 0 0 0 0 0 0 0 0 0 0 0 0.111111 0 0 0 0 0 0 0 0 0 0.333333 0.111111 0 0 0 0 0 0 0 0.111111 0.222222 0.111111 0 0 0 0 
0 0 0 0 0 0 0 0 0 0 0 0 0 0 0 0 0 0 0 0 0 0 0 0 0 0 0 0 0 0 0 0 0 0 0 0 0 0 0 0 0 0 0 0 0 0 0 0 0 0 0 0 0 0 0 0 0 0 0 0 0 0.0444444 0.0666667 0.0444444 0.0222222 0 0 0 0 0 0.0444444 0.133333 0.155556 0.0888889 0.0444444 0 0 0 0 0 0.0444444 0.0666667 0.0888889 0.0888889 0 0 0 0 0 0 0 0.0222222 0.0444444 0 0 0 0 0 0 0 
0 0 0 0 0 0 0 0 0 0 0 0 0 0 0 0 0 0 0 0 0 0 0 0 0 0 0 0 0 0 0 0 0 0 0 0 0 0 0 0 0 0 0 0 0 0 0 0 0 0 0 0 0 0 0 0 0 0 0 0 0 0 0 0 0 0 0 0 0 0 0 0 0 0 0.111111 0 0 0 0 0 0 0 0 0.333333 0.222222 0 0 0 0 0 0 0 0.111111 0.222222 0 0 0 0 0 0 
0 0 0 0 0 0 0 0 0 0 0 0 0 0 0 0 0 0 0 0 0 0 0 0 0 0 0 0 0 0 0 0 0 0 0 0 0 0 0 0 0 0 0 0 0 0 0 0 0 0 0 0 0 0 0 0 0 0 0 0 0 0 0 0 0 0 0 0 0 0 0 0 0 0 0 0 0 0 0 0.111111 0 0 0 0 0 0 0 0 0.222222 0.333333 0 0 0 0 0 0 0 0 0.222222 0.111111 
0 0 0 0 0 0 0 0 0 0 0 0 0 0 0 0 0 0 0 0 0 0 0 0 0 0 0 0 0 0 0 0 0 0 0 0 0 0 0 0 0 0 0 0 0 0 0 0 0 0 0 0 0 0.111111 0.111111 0 0 0 0 0 0 0 0.111111 0.333333 0.222222 0 0 0 0 0 0 0 0 0.111111 0 0 0 0 0 0 0 0 0 0 0 0 0 0 0 0 0 0 0 0 0 0 0 0 0 0 
0 0 0 0 0 0 0 0 0 0 0 0 0 0 0 0 0 0 0 0 0 0 0 0 0 0 0 0 0 0 0 0 0 0 0 0 0 0 0 0 0 0 0 0 0 0 0 0 0 0 0 0 0 0 0 0 0 0 0 0 0 0 0 0 0 0 0 0 0 0 0 0 0 0 0 0 0 0.111111 0 0 0 0 0 0 0 0 0 0.333333 0.222222 0 0 0 0 0 0 0 0.111111 0.222222 0 0 
0 0 0 0 0 0 0 0 0 0 0 0 0 0 0.037037 0.0740741 0.111111 0.037037 0 0 0 0 0 0 0.037037 0.185185 0.185185 0.037037 0 0 0 0 0 0 0 0.111111 0.111111 0.037037 0 0 0 0 0 0 0 0 0.037037 0 0 0 0 0 0 0 0 0 0 0 0 0 0 0 0 0 0 0 0 0 0 0 0 0 0 0 0 0 0 0 0 0 0 0 0 0 0 0 0 0 0 0 0 0 0 0 0 0 0 0 0 0 
0 0 0 0 0 0.0555556 0.222222 0.111111 0.111111 0.0555556 0 0 0 0 0 0.111111 0.111111 0.166667 0.0555556 0 0 0 0 0 0 0 0 0 0 0 0 0 0 0 0 0 0 0 0 0 0 0 0 0 0 0 0 0 0 0 0 0 0 0 0 0 0 0 0 0 0 0 0 0 0 0 0 0 0 0 0 0 0 0 0 0 0 0 0 0 0 0 0 0 0 0 0 0 0 0 0 0 0 0 0 0 0 0 0 0 
];
sol=[-1.892554049
   -1.617345592
  -0.604449411
    0.150049037
  0.311547272
  -0.043296373
 -0.372450081
  -0.781850927
  -1.019010148
  -1.138220546
  -1.707356153
 -1.269450104
  -0.322915072
 0.422230371
   0.377193632
  -0.204314432
  -0.789570121
  -1.090971939
 -1.237209552
-1.312292978
 -1.129015952
-0.634114380
  0.430813023
   1.017682350
   0.635491512
  -0.451168186
 -1.308183782
-1.475074714
  -1.213763881
  -1.110104098
  -0.534107679
  -0.017861569
   1.065313111
   1.794803477
   1.192914982
  -0.281015001
  -1.257837960
  -1.051942337
-0.392939246
   0.007438628
  -0.174567813
 0.361202321
 1.548932426
 2.347346203
   1.794873110
  0.220708910
 -0.858199372
  -0.235116260
  1.016085215
  1.659300796
  -0.181727751
  0.326434714
  1.422891211
  2.071721836
 1.605106485
 -0.010999716
 -1.058582863
  0.002132997
  1.685511833
  2.460032197
-0.525238903
 -0.119330265
   0.605792401
  0.831542051
  0.372264157
 -1.013676468
  -2.013346653
 -0.886608541
   1.156571492
   1.991669768
  -0.958786222
  -0.585093289
  0.080532199
 0.323421124
 -0.124848950
  -1.897754362
 -2.892774156
  -1.426699062
  0.598051703
  1.327112159
  -1.675345626
  -1.223813670
  -0.248721358
  0.472684940
  0.171518892
 -1.943638466
 -2.810402548
 -1.078897452
   0.634048665
  1.046675473
  -2.270961858
 -1.547796889
  -0.290769682
   0.760501551
   0.412518664
  -1.678007934
  -2.357917219
  -0.599756982
   0.654513785
  0.914745407];
S=[ 0.0610023     0.244009     0.122005     0.183007     0.157573    0.0331368    -0.111462   -0.0557311   -0.0415281   -0.0136626     0.183007     0.246612     0.254143    0.0202671   -0.0678776    0.0119887    -0.137158   -0.0681302    0.0431492    0.0426089    0.0662074    0.0459781    -0.150004    -0.127172    -0.154314    -0.161146    -0.121509    0.0580753    0.0710148    0.0660816   0.00780763   -0.0124217   -0.0430611    -0.150004   -0.0641793    -0.098779   -0.0591417    0.0296694     0.132188     0.113027   0.00780763    0.0156153   -0.0124217  -0.00667099    0.0644135    0.0577604   0.00322571    0.0325202    0.0754489    0.0377244   0.00780763    0.0182178    0.0453616     0.060963      0.07974    0.0496778   -0.0474037  0.000121726  0.000146072  7.30358e-05    0.0190106    0.0490533    0.0361242    -0.049946   0.00550851  0.000795989    -0.148941    -0.119079  -0.00398142     0.025758    0.0438482     0.090128     0.105149    0.0271635   -0.0239637   -0.0815985    -0.158119   -0.0517106    0.0643341   -0.0226092    0.0438482    0.0864807    0.0738909    0.0186589    -0.124356    -0.116299   -0.0756818    0.0449389   -0.0158877    -0.145029    0.0276111    0.0426324    0.0162339    -0.056804   -0.0583729   -0.0567227   0.00274129    0.0550644   -0.0838189   -0.0483429
   0.0566397     0.226559     0.113279     0.169919     0.149699    0.0327202   -0.0956779   -0.0478389   -0.0361611   -0.0122416     0.169919     0.228599     0.242758    0.0323994   -0.0460109    0.0218993    -0.113151   -0.0584954    0.0344699    0.0350336    0.0607208    0.0445818    -0.119279      -0.1011    -0.122871    -0.129073    -0.097175    0.0482966    0.0583893    0.0484748    0.0061216   -0.0100173   -0.0343184    -0.119279   -0.0385515   -0.0707927   -0.0388948    0.0249409    0.0955477    0.0753572    0.0061216    0.0122432   -0.0100173    -0.010933    0.0448844    0.0569445    0.0193854    0.0265195    0.0446305    0.0223152    0.0061216    0.0142837    0.0262185    0.0390094    0.0490579    0.0422054  -0.00879429  -0.00700954  -0.00841145  -0.00420573   0.00409839    0.0133392    0.0167579   -0.0144092    0.0123001   0.00941585   -0.0702475   -0.0604038  -0.00129199    0.0155613   0.00925814    0.0277224    0.0323428   0.00724881   0.00142374   -0.0361011    -0.071888   -0.0258098    0.0424081   0.00678161   0.00925814    0.0139132    0.0184989    0.0289366   -0.0165735   -0.0403213   -0.0222515 -0.000233053   0.00711345   -0.0305449  3.46466e-05   0.00465505    0.0127258 -0.000331013   -0.0146021   -0.0122222  -0.00226489    0.0105135   -0.0118816   -0.0101816
   0.0354375      0.14175     0.070875     0.106312     0.106692      0.02946   -0.0239099    -0.011955  -0.00965502  -0.00367754     0.106312      0.14226     0.177946    0.0723913    0.0338427    0.0526976   -0.0212885   -0.0141438   0.00552218    0.0068998    0.0364569    0.0378553   0.00278422   0.00189545  -0.00121575   -0.0151769    -0.013256    0.0106884    0.0114997  -0.00437662   0.00152905   0.00292751   0.00228723   0.00278422    0.0299745    0.0102704    0.0121912   0.00608853   -0.0116953   -0.0269295   0.00152905   0.00305811   0.00292751   -0.0117953   -0.0147885    0.0253866    0.0376384   0.00538604   -0.0297213   -0.0148607   0.00152905   0.00356779   -0.0211465   -0.0214383   -0.0327761   0.00616172    0.0640621   -0.0147104   -0.0176525  -0.00882625   -0.0234752   -0.0556801   -0.0233753     0.062209    0.0203853    0.0167081     0.102772    0.0733917    0.0045333    -0.010137   -0.0566995   -0.0966149    -0.112717   -0.0291594     0.046066    0.0595424     0.114553    0.0309472   -0.0179873    0.0558489   -0.0566995    -0.121791   -0.0889045    0.0369791     0.185147     0.111708    0.0794565   -0.0823444    0.0446919     0.189132   -0.0489891   -0.0650916   0.00159138     0.102851    0.0705158    0.0705991   -0.0117409   -0.0742009      0.12249    0.0630439
   0.0171922    0.0687689    0.0343845    0.0515767    0.0643607    0.0345015    0.0692369    0.0346184     0.023062   0.00575277    0.0515767    0.0687061     0.111529    0.0855204    0.0910168      0.11438     0.102685     0.039947    -0.040473   -0.0346694    0.0170665    0.0297247     0.076641    0.0639199    0.0866086     0.126227     0.101887     -0.04665   -0.0577823   -0.0467431 -0.000188611    0.0124696    0.0253793     0.076641    0.0685411     0.100976    0.0766358   -0.0235371   -0.0994888   -0.0708906 -0.000188611 -0.000377222    0.0124696   -0.0230725   -0.0678348  -0.00832528    0.0513845   -0.0310576   -0.0712708   -0.0356354 -0.000188611 -0.000440092   -0.0588292   -0.0626703   -0.0919906   -0.0284514      0.12734    -0.030013   -0.0360155   -0.0180078   -0.0536802    -0.129416   -0.0591183     0.146738    0.0420338     0.031258      0.27289     0.200304   0.00996127   -0.0326115     -0.12929    -0.227207    -0.265075   -0.0675401     0.103864     0.159671     0.297676    0.0845666   -0.0665222     0.117734     -0.12929    -0.274267    -0.205026    0.0670806     0.414962     0.265007     0.178511    -0.182461    0.0940832      0.43303    -0.107109    -0.144977  -0.00288502     0.227193     0.162983     0.155851   -0.0277716    -0.167994     0.275382     0.144343
  0.00601711    0.0240684    0.0120342    0.0180513    0.0288476    0.0493625     0.173382    0.0866909    0.0596212    0.0162758    0.0180513    0.0245638     0.051678    0.0552192    0.0937143      0.18775     0.220228    0.0933395    -0.092003    -0.081209   0.00700787    0.0187949    0.0652728    0.0539812    0.0984934     0.233357     0.195492    -0.117906    -0.135348    -0.054399   0.00148615    0.0132732    0.0230786    0.0652728     0.039959      0.14938     0.111514   -0.0637665    -0.116049 -0.000778866   0.00148615    0.0029723    0.0132732   -0.0333122   -0.0818384   -0.0453064    0.0275362     -0.07337   -0.0295247   -0.0147624   0.00148615   0.00346768   -0.0564373   -0.0507118   -0.0796736   -0.0503532     0.112597   -0.0362568   -0.0435082   -0.0217541   -0.0594007    -0.141405   -0.0568813     0.171324    0.0603061    0.0351673     0.298823     0.217304   0.00982698   -0.0354348    -0.142396    -0.246014    -0.287017   -0.0699127     0.123916     0.181135     0.322269    0.0888373   -0.0704586     0.132861    -0.142396    -0.304182    -0.224401    0.0913784     0.463673     0.279858     0.176998    -0.210265     0.108374     0.483132    -0.120783    -0.161785   0.00312455     0.260248     0.179978     0.160329   -0.0388261    -0.185531     0.307996     0.161044
   0.0027266    0.0109064   0.00545321   0.00817981   0.00824521    0.0655731     0.251386     0.125693    0.0931741    0.0303276   0.00817981    0.0120239    0.0137638   0.00571478    0.0408898     0.206949     0.239398     0.128885   -0.0997477   -0.0975565   0.00496158   0.00726195   0.00150985  0.000326966    0.0382286     0.189574     0.156989    -0.157211    -0.162594   -0.0260109   0.00335247   0.00565284   0.00348325   0.00150985  -0.00822602     0.108156    0.0755713   -0.0921737   -0.0565986      0.11708   0.00335247   0.00670493   0.00565284   -0.0253423   -0.0412896   -0.0378202   -0.0058468   -0.0815756    0.0597462    0.0298731   0.00335247   0.00782242   -0.0204307  -0.00651546    -0.018407   -0.0322054    0.0387928   -0.0228843   -0.0274611   -0.0137306   -0.0318631   -0.0716087   -0.0163326      0.10719    0.0503374    0.0178865     0.140922    0.0990068   0.00282655   -0.0162041   -0.0738437    -0.119237     -0.13911   -0.0265489    0.0753134    0.0889542     0.148627    0.0347417   -0.0290681    0.0752683   -0.0738437    -0.161913    -0.113589    0.0751669     0.252451     0.126697    0.0667085    -0.122257    0.0645722     0.260686   -0.0681961   -0.0880689    0.0118071     0.150319    0.0944272    0.0703281   -0.0304793   -0.0975915     0.167977    0.0868955
  0.00118257    0.0047303   0.00236515   0.00354772  -0.00314926    0.0853367     0.336616     0.168308     0.140709    0.0565544   0.00354772   0.00656958   -0.0074811   -0.0244228   -0.0138744     0.194135     0.203501     0.181394   -0.0538444   -0.0827991   0.00486115   0.00184274   -0.0383426   -0.0334849    -0.021754    0.0519578    0.0310551    -0.153867    -0.137998  -0.00218071   0.00551786   0.00249945  -0.00787611   -0.0383426   -0.0145176    0.0322114    0.0113087   -0.0986678  -0.00537848     0.159056   0.00551786    0.0110357   0.00249945   -0.0149125  -0.00410782   0.00407333  -0.00843761   -0.0563928     0.101969    0.0509845   0.00551786     0.012875  0.000302275   0.00821317   0.00560538  0.000357761   0.00689194  -0.00508535  -0.00610242  -0.00305121  -0.00709451   -0.0127576    0.0138282    0.0554855    0.0318493  -0.00261286   0.00838183   0.00365426  -0.00180342  -0.00144565   -0.0164362   -0.0169894    -0.019821   0.00992588    0.0252777   0.00148988   0.00551852   -0.0101149  -0.00107145     0.023397   -0.0164362   -0.0408139   -0.0220993    0.0502667    0.0722226   0.00610409   -0.0126402   -0.0412828    0.0233041    0.0714766   -0.0215462   -0.0243777    0.0148679    0.0524033    0.0226826   0.00275136   -0.0175787   -0.0239184    0.0474368    0.0238255
 -0.00090802  -0.00363208  -0.00181604  -0.00272406  -0.00581602    0.0668432     0.271005     0.135502     0.139993    0.0722423  -0.00272406 -0.000706177    -0.010724   -0.0141839    -0.029415     0.101408     0.087085     0.200588    0.0902064    0.0134731   0.00494379   0.00770364   -0.0156259   -0.0154598   -0.0315989   -0.0837876   -0.0762046    0.0108071    0.0224552     0.016301   0.00877771    0.0115376   0.00259379   -0.0156259    0.0222358   -0.0305015   -0.0229185   0.00182505    0.0322158    0.0219569   0.00877771    0.0175554    0.0115376   -0.0065817  0.000266424    0.0386919    0.0303675    0.0183272    0.0130928   0.00654642   0.00877771    0.0204813  -0.00504988   -0.0147147   -0.0216285    0.0176841    0.0387904  -0.00193134  -0.00231761   -0.0011588  -0.00367351   -0.0161448  8.53836e-05    0.0401779    0.0127316  -0.00218622    0.0201282    0.0149437   0.00233399  -0.00091911   -0.0219966   -0.0374139   -0.0436495  -0.00508828    0.0159442   0.00227494    0.0239889  0.000723051  -0.00133211     0.024046   -0.0219966   -0.0472829   -0.0344679    0.0311529    0.0790733    0.0322388    0.0233295   -0.0363238    0.0189948    0.0737365   -0.0190506   -0.0252863    0.0062272    0.0500022    0.0252104    0.0241875  -0.00696023     -0.02963    0.0488912    0.0245788
 -0.00290365   -0.0116146  -0.00580729  -0.00871094  -0.00431786    0.0509014      0.21522      0.10761     0.141993    0.0881877  -0.00871094  -0.00911516  -0.00573207     0.011765   -0.0303793    0.0117068   -0.0275339     0.219515     0.225719     0.103148    0.0020952    0.0114871    0.0288579    0.0219654   -0.0230826    -0.220847    -0.190857     0.161248     0.171913    0.0280843   0.00749828    0.0168902    0.0162844    0.0288579     0.068585   -0.0938136    -0.063824    0.0924828    0.0536107    -0.122043   0.00749828    0.0149966    0.0168902   0.00674651   0.00242567    0.0693353    0.0632091    0.0795604   -0.0915937   -0.0457968   0.00749828     0.017496   -0.0155094   -0.0406739   -0.0521778    0.0323981     0.071586   -0.0127893   -0.0153472  -0.00767361  -0.00422481   -0.0257026   -0.0218765    0.0175541   -0.0115599   0.00525298    0.0532398    0.0349182   0.00471796 -0.000814253   -0.0307015   -0.0644335   -0.0751724   -0.0261104   0.00879832    0.0195841    0.0651779     0.025886   0.00435904    0.0287086   -0.0307015   -0.0598877   -0.0521793   0.00122258    0.0906082    0.0735162    0.0703384   -0.0353426    0.0170662    0.0808949   -0.0184473   -0.0291862  -0.00675175    0.0458581    0.0328119    0.0522202   0.00413659   -0.0386074    0.0548018     0.026965
 -0.00395397   -0.0158159  -0.00790795   -0.0118619  -0.00252765    0.0424117     0.185463    0.0927313     0.141874    0.0955086   -0.0118619   -0.0141549  -0.00110134    0.0294291   -0.0261711    -0.034285   -0.0859312     0.226972     0.292081     0.147429 -0.000631971    0.0120243    0.0576666    0.0466713   -0.0128828    -0.288436    -0.248628     0.235304     0.245715    0.0336451     0.004983    0.0176393    0.0236515    0.0576666    0.0911619    -0.127222   -0.0874134     0.137018    0.0623712    -0.193923     0.004983   0.00996601    0.0176393    0.0161415   0.00424446     0.080024    0.0738009     0.104582    -0.148958   -0.0744789     0.004983     0.011627    -0.020258   -0.0512017   -0.0638223     0.037918    0.0815478   -0.0245947   -0.0295137   -0.0147568  -0.00446755   -0.0289822   -0.0341695  -0.00143245   -0.0263171    0.0114181    0.0705666    0.0416964   0.00473091   0.00045549   -0.0323042   -0.0735438   -0.0858011   -0.0371283   0.00342722    0.0312122    0.0861616    0.0424146    0.0134361    0.0294847   -0.0323042   -0.0601406   -0.0568188   -0.0198073    0.0852015    0.0917201    0.0920884   -0.0314943    0.0144926    0.0723308   -0.0155791   -0.0278364    -0.014774    0.0361897    0.0334168    0.0634934    0.0102952   -0.0391023    0.0509077    0.0241103
    0.053391     0.213564     0.106782     0.160173      0.14181    0.0283344    -0.100226   -0.0501132   -0.0350678   -0.0100112     0.160173     0.215834      0.23023    0.0333311   -0.0496205  -0.00245243    -0.138795   -0.0595942    0.0501706    0.0451363    0.0579299     0.044106    -0.107907   -0.0918137    -0.121374    -0.166166    -0.132758     0.060712    0.0752272    0.0665224   0.00680825  -0.00701565   -0.0299172    -0.107907   -0.0680265     -0.11567    -0.082262    0.0306211      0.13717     0.109295   0.00680825    0.0136165  -0.00701565    0.0101641    0.0647738    0.0273691   -0.0317662     0.038153    0.0893629    0.0446814   0.00680825    0.0158859    0.0557411    0.0634775    0.0879439    0.0359946   -0.0991939    0.0206247    0.0247497    0.0123748    0.0420392     0.101298    0.0590393   -0.0928387   -0.0146806    -0.025419    -0.236264    -0.176636  -0.00686923    0.0321337    0.0967595     0.177778     0.207407    0.0596636   -0.0703632    -0.140078    -0.257315   -0.0800949    0.0700218   -0.0782038    0.0967595      0.20139     0.156019   -0.0180657    -0.296031    -0.218967    -0.152508     0.122015   -0.0610002    -0.318637    0.0750006      0.10463    0.0137312    -0.152364    -0.122616    -0.124461    0.0126036     0.123416    -0.198421    -0.106212
   0.0451839     0.180736    0.0903679     0.135552     0.126694    0.0250231   -0.0806435   -0.0403217   -0.0277038   -0.0075429     0.135552     0.181802     0.208204    0.0549358   -0.0147975  0.000947459     -0.11397    -0.047178     0.042929    0.0378539     0.047317     0.040592   -0.0520816   -0.0442901   -0.0688394    -0.131605    -0.110129    0.0511585    0.0630899    0.0443447   0.00319959  -0.00352536   -0.0145164   -0.0520816   -0.0349774   -0.0881082   -0.0666323    0.0259226      0.09241    0.0573264   0.00319959   0.00639919  -0.00352536     0.012267    0.0419741     0.017712   -0.0231358    0.0335964    0.0530997    0.0265498   0.00319959   0.00746572    0.0349172    0.0370028    0.0528616    0.0233142   -0.0685029    0.0186026    0.0223231    0.0111616    0.0310196    0.0748761    0.0414855   -0.0671582   -0.0150777   -0.0227653    -0.168851     -0.12392  -0.00470578    0.0216235    0.0727431      0.13157     0.153498    0.0454219   -0.0559734    -0.103364    -0.184276   -0.0569508    0.0447573   -0.0618687    0.0727431     0.152444       0.1166   -0.0211439    -0.224895    -0.159448    -0.110895    0.0947963   -0.0489248    -0.239315     0.057773    0.0797013    0.0075709    -0.118204   -0.0912657   -0.0919074    0.0110323    0.0927155    -0.150592   -0.0797716
   0.0278575      0.11143    0.0557149    0.0835724    0.0928653    0.0208113   -0.0281848   -0.0140924  -0.00915123  -0.00210502    0.0835724     0.110663     0.157873    0.0928866    0.0566729      0.02491   -0.0391611   -0.0146713    0.0176597    0.0148236    0.0263234    0.0340823    0.0549904    0.0464645    0.0381083   -0.0324883     -0.03684    0.0212909    0.0247059  -0.00694713  -0.00230108   0.00545777    0.0162847    0.0549904    0.0391856  -0.00823792   -0.0125896    0.0114085   -0.0133034   -0.0504885  -0.00230108  -0.00460217   0.00545777   0.00810184   -0.0126909   0.00535884    0.0116607    0.0154239   -0.0312956   -0.0156478  -0.00230108   -0.0053692    -0.015787    -0.023634   -0.0303769  -0.00217905    0.0247066    0.0029543   0.00354516   0.00177258  -0.00469177   -0.0115454  -0.00847669    0.0166457  -0.00349414  -0.00424184    0.0305451    0.0262087   0.00178006  -0.00551069   -0.0100113   -0.0205609   -0.0239877   -0.0036265   0.00234971    0.0109502    0.0334177   0.00992248   -0.0152539    0.0051094   -0.0100113   -0.0197536    -0.016865   -0.0050939    0.0295132     0.027802     0.020472  -0.00978179   0.00291825    0.0336328  -0.00631542  -0.00974224  -0.00398251    0.0127084    0.0139323    0.0155839  0.000569534   -0.0134021    0.0193711    0.0112109
  0.00978745    0.0391498    0.0195749    0.0293623    0.0508277    0.0207059    0.0436738    0.0218369    0.0148978   0.00397938    0.0293623    0.0374312     0.091868     0.105436     0.112198    0.0745091    0.0714828    0.0284868   -0.0237769   -0.0208172   0.00635024    0.0243784     0.127074     0.107327     0.123876     0.104209    0.0758041   -0.0250858   -0.0346953   -0.0455539  -0.00515581    0.0128724     0.037775     0.127074     0.079405    0.0811172    0.0527128   -0.0112076   -0.0940881   -0.0950272  -0.00515581   -0.0103116    0.0128724 -0.000201381   -0.0596188   -0.0214017    0.0296214   -0.0178161   -0.0752727   -0.0376364  -0.00515581   -0.0120302   -0.0515723   -0.0614511   -0.0846594   -0.0314076    0.0868125   -0.0149015   -0.0178819  -0.00894093   -0.0347825   -0.0838837   -0.0457071     0.091461    0.0150049    0.0131424     0.194411     0.146587   0.00665476   -0.0262667   -0.0804465    -0.147304    -0.171854   -0.0436123    0.0579947     0.109112     0.210869    0.0635962    -0.058216     0.066034   -0.0804465    -0.167688    -0.129548     0.021084     0.250963     0.178801     0.121177     -0.10575    0.0512661     0.267961   -0.0626906   -0.0872412  -0.00933908     0.131184      0.10332     0.101037   -0.0133048    -0.104088     0.166998    0.0893204
 0.000851688   0.00340675   0.00170338   0.00255506    0.0192428    0.0263656     0.102056    0.0510279    0.0325151   0.00700119   0.00255506    0.0026208    0.0376339    0.0684543     0.108516     0.134558     0.173768    0.0619168   -0.0670498   -0.0555382 -0.000720219    0.0143956    0.0993404    0.0834386     0.124352     0.221254     0.186054   -0.0701632   -0.0925637   -0.0446896  -0.00235786     0.012758    0.0310176    0.0993404    0.0440681     0.135431      0.10023   -0.0331377   -0.0945875   -0.0229924  -0.00235786  -0.00471572     0.012758   -0.0132965   -0.0698282   -0.0538794    0.0144071   -0.0546488   -0.0361616   -0.0180808  -0.00235786  -0.00550167   -0.0462455   -0.0441333   -0.0660771   -0.0498827    0.0728539   -0.0260417     -0.03125    -0.015625   -0.0423631    -0.100465   -0.0450825     0.116712    0.0362893    0.0214358     0.223164     0.162906   0.00705821   -0.0271579   -0.0988929    -0.174305    -0.203356   -0.0506176    0.0838555     0.134644     0.239735    0.0696855    -0.054874    0.0892604   -0.0988929    -0.209526    -0.156995    0.0525768     0.318115     0.201986     0.127486    -0.143361    0.0718276      0.33363   -0.0815823    -0.110633  -0.00184162     0.175528     0.126016      0.11272   -0.0256927    -0.128643     0.211445      0.11121
  0.00074217   0.00296868   0.00148434   0.00222651   0.00330101    0.0409558     0.160855    0.0804274    0.0558187     0.015605   0.00222651   0.00432727   0.00585985   0.00578234    0.0519305     0.175692     0.221098    0.0937054   -0.0828296   -0.0738259   0.00345934   0.00725101   0.00780559    0.0053725    0.0522628     0.235526     0.209843    -0.100762    -0.123043     -0.01664   0.00407575   0.00786742   0.00622475   0.00780559   -0.0231104      0.12419    0.0985064   -0.0515443   -0.0375811    0.0977318   0.00407575    0.0081515   0.00786742   -0.0223188   -0.0431285   -0.0609382   -0.0128301   -0.0708984    0.0479504    0.0239752   0.00407575   0.00951009   -0.0129727   0.00369821    -0.004826   -0.0433823    0.0178206   -0.0215052   -0.0258062   -0.0129031    -0.028427   -0.0657765    -0.015512    0.0930841    0.0483912    0.0184059     0.131891    0.0926099   0.00387725   -0.0138989   -0.0684937    -0.112048    -0.130723   -0.0283796    0.0723571    0.0884646     0.138637    0.0335516   -0.0239947    0.0701381   -0.0684937    -0.149457    -0.105843    0.0719253     0.233429     0.115972    0.0601084    -0.114702    0.0596125     0.239208   -0.0622884   -0.0809632    0.0115253     0.140727    0.0859556    0.0632159   -0.0292392   -0.0902615     0.154673     0.079736
 0.000771885   0.00308754   0.00154377   0.00231565  -0.00512358    0.0434292     0.170629    0.0853146    0.0726698    0.0300125   0.00231565   0.00633127    -0.011019   -0.0282132   0.00377849     0.152385     0.183605     0.122801   -0.0205667   -0.0379344   0.00725934   0.00630755   -0.0413917   -0.0371962  -0.00443264     0.156378     0.151173   -0.0431053    -0.063224    0.0107211   0.00973118   0.00877939   -0.0051473   -0.0413917   -0.0485522    0.0733618    0.0681562   -0.0178157    0.0200566     0.108032   0.00973118    0.0194624   0.00877939   -0.0234783   -0.0221378   -0.0468229   -0.0148605   -0.0381912     0.066479    0.0332395   0.00973118    0.0227061   0.00663243    0.0216246    0.0200752   -0.0293332   -0.0071705  -0.00692792  -0.00831351  -0.00415675   -0.0128037    -0.033226   0.00367605    0.0661427    0.0438837   0.00844219    0.0545878    0.0395135   0.00344926  -0.00469714   -0.0397135    -0.061267   -0.0714782   -0.0114732    0.0489854    0.0405715    0.0557331    0.0047959   -0.0082789    0.0445491   -0.0397135   -0.0885069   -0.0601358    0.0685402     0.144802     0.048849    0.0166441    -0.075081    0.0391728     0.143582   -0.0385823   -0.0487935    0.0160393    0.0965012    0.0471559    0.0270139   -0.0234999   -0.0532369    0.0940654    0.0478606
-0.000474044  -0.00189618 -0.000948089  -0.00142213  -0.00637678    0.0376896     0.152654    0.0763272     0.089597    0.0514334  -0.00142213   0.00183147   -0.0122795   -0.0207667   -0.0184453    0.0790739    0.0818694     0.156148     0.104513    0.0398094   0.00698125   0.00948191   -0.0260002   -0.0247732   -0.0229259   0.00428225    0.0225067    0.0814662     0.066349    0.0268087    0.0111829    0.0136836   0.00127365   -0.0260002   -0.0139587   0.00119101    0.0194155    0.0549266    0.0532487  0.000807173    0.0111829    0.0223659    0.0136836   -0.0150482    -0.013149  -0.00765954    0.0163242    0.0257355  -0.00093644  -0.00046822    0.0111829    0.0260935    0.0020146   0.00104517    -0.003539  -0.00826306    0.0199741  -0.00184319  -0.00221183  -0.00110592  -0.00762383   -0.0290206  -0.00525801    0.0459171    0.0234812   0.00635531    0.0495152    0.0385062   0.00529228  -0.00387348   -0.0364759   -0.0641904   -0.0748887   -0.0188275    0.0333506    0.0304438    0.0551146   0.00883045   -0.0087621    0.0367126   -0.0364759   -0.0773326   -0.0578727    0.0450914      0.12459    0.0567378       0.0379   -0.0577208    0.0292312     0.120652   -0.0301583   -0.0408566   0.00789821    0.0787235    0.0402671    0.0369318   -0.0117744   -0.0476989    0.0786824    0.0402174
 -0.00199321  -0.00797283  -0.00398641  -0.00597962  -0.00211761    0.0228053    0.0991939     0.049597    0.0889147    0.0641162  -0.00597962  -0.00678041  -0.00224201    0.0114616   -0.0133102   -0.0079196   -0.0306983     0.165584     0.221387     0.117953   0.00039162   0.00663846    0.0243645    0.0193101  -0.00745501    -0.129963   -0.0945076     0.209141     0.196589    0.0422012   0.00357724   0.00982408    0.0113013    0.0243645    0.0234207   -0.0685434   -0.0330877     0.130506    0.0806469    -0.109303   0.00357724   0.00715448   0.00982408   0.00529813  -0.00345502    0.0121612    0.0283322    0.0713139   -0.0878904   -0.0439452   0.00357724   0.00834689  -0.00398596    -0.014199   -0.0179806   0.00427146    0.0245122   -0.0187774   -0.0225329   -0.0112664  -0.00337563   -0.0199588   -0.0215625  -0.00623774   -0.0102184    0.0127886    0.0504712    0.0291105   0.00232894 -0.000254354   -0.0223436   -0.0497495   -0.0580411   -0.0284573   0.00958427    0.0328138    0.0594235    0.0285474   0.00875281    0.0208254   -0.0223436   -0.0421561   -0.0389268   -0.0064735    0.0596191    0.0580026    0.0548558   -0.0246617    0.0115227    0.0519728   -0.0115209   -0.0198125  -0.00768555    0.0287524    0.0219144    0.0378141   0.00371583    -0.026627    0.0363991    0.0173243
 -0.00266709   -0.0106683  -0.00533417  -0.00800126   0.00155717    0.0158538    0.0740837    0.0370418      0.08605    0.0675291  -0.00800126   -0.0123965   0.00578143    0.0328995  -0.00411071    -0.047647   -0.0819902      0.16291     0.263562     0.147024  -0.00612343 -2.13372e-05    0.0556224    0.0477921   0.00811481    -0.188828    -0.149379     0.254372     0.245041     0.052399  -0.00518451  0.000917578    0.0139323    0.0556224    0.0323492    -0.107024   -0.0675746     0.156355     0.097408    -0.136852  -0.00518451    -0.010369  0.000917578    0.0219851   0.00750698   0.00949499    0.0142294     0.077071    -0.120795   -0.0603973  -0.00518451   -0.0120972   -0.0018127    -0.010282   -0.0085961   0.00704572 -0.000807193   -0.0369499   -0.0443399     -0.02217   0.00290276 -4.12433e-05    -0.024898   -0.0573927   -0.0338373    0.0165812    0.0257472  -0.00157223   -0.0036952   0.00593534    0.0034151  -0.00883202    -0.010304   -0.0245995   -0.0150793    0.0239695    0.0322969    0.0363323    0.0333133  -0.00234627    0.0034151    0.0146613   0.00047109   -0.0492669   -0.0359026    0.0254371    0.0378983    0.0161263  -0.00933739   -0.0470148    0.0127182    0.0112462   -0.0174036   -0.0334303  -0.00902211    0.0151382    0.0141084   0.00868048   -0.0246805   -0.0156716
   0.0316513     0.126605    0.0633026    0.0949539    0.0933436    0.0139158   -0.0709421    -0.035471   -0.0208369  -0.00310143    0.0949539     0.130473     0.155036    0.0568613  -0.00471544   -0.0320193    -0.125247   -0.0392298    0.0554349    0.0439022    0.0393869    0.0455121  -0.00579416  -0.00805162   -0.0379771    -0.151238    -0.134993     0.057879    0.0731704    0.0587254    0.0116033    0.0177286    0.0083827  -0.00579416   -0.0702174    -0.134978    -0.118733    0.0286109     0.130189    0.0883718    0.0116033    0.0232067    0.0177286    0.0452514    0.0560086   -0.0425777    -0.102473    0.0456857     0.109865    0.0549326    0.0116033    0.0270745    0.0780031    0.0611635    0.0943634   0.00101328    -0.198707    0.0636884    0.0764261     0.038213    0.0910784     0.204341     0.105993    -0.168045   -0.0534409   -0.0809917     -0.39699    -0.279379   -0.0114896     0.042433     0.196605     0.339787     0.396418     0.121689    -0.159296    -0.251192    -0.441733    -0.134196    0.0742382    -0.185905     0.196605     0.419922     0.309867   -0.0853026    -0.619881    -0.415443    -0.303114     0.267651    -0.148565      -0.6468     0.166686     0.223317   0.00931988    -0.330302    -0.244835    -0.256647    0.0295594     0.252939    -0.416352      -0.2156
